 0 0.9794921875 0.3310546875 0.041015625 0.033203125
 0 0.9716796875 0.2861328125 0.048828125 0.037109375
 0 0.486328125 0.54296875 0.046875 0.02734375
 0 0.4873046875 0.5849609375 0.048828125 0.025390625
 0 0.4072265625 0.6103515625 0.052734375 0.029296875
 0 0.4189453125 0.6474609375 0.048828125 0.029296875
 0 0.423828125 0.6962890625 0.05859375 0.029296875
 0 0.4248046875 0.7294921875 0.052734375 0.029296875
 0 0.7587890625 0.7197265625 0.044921875 0.029296875
 0 0.7666015625 0.7626953125 0.052734375 0.033203125
