 0 0.6826171875 0.4892578125 0.048828125 0.052734375
 0 0.78125 0.9833984375 0.03515625 0.029296875
 0 0.048828125 0.51953125 0.02734375 0.0390625
 0 0.072265625 0.521484375 0.02734375 0.03515625
 0 0.044921875 0.748046875 0.03125 0.03515625
 0 0.0712890625 0.740234375 0.037109375 0.03125
 0 0.2607421875 0.2607421875 0.037109375 0.025390625
 0 0.259765625 0.2900390625 0.03515625 0.029296875
 0 0.0439453125 0.123046875 0.033203125 0.03125
 0 0.091796875 0.130859375 0.03515625 0.01953125
 0 0.1357421875 0.1708984375 0.041015625 0.025390625
 0 0.0859375 0.1611328125 0.0390625 0.017578125
 0 0.087890625 0.1923828125 0.0390625 0.025390625
 0 0.048828125 0.146484375 0.03515625 0.03125
 0 0.3125 0.2705078125 0.0390625 0.025390625
