 0 0.7685546875 0.9775390625 0.080078125 0.044921875
 0 0.6318359375 0.3291015625 0.037109375 0.041015625
 0 0.6748046875 0.3193359375 0.044921875 0.044921875
 0 0.7080078125 0.2109375 0.029296875 0.04296875
 0 0.7431640625 0.203125 0.037109375 0.04296875
 0 0.876953125 0.6171875 0.0390625 0.05078125
 0 0.9267578125 0.615234375 0.044921875 0.0546875
 0 0.4404296875 0.7705078125 0.041015625 0.052734375
 0 0.478515625 0.771484375 0.0390625 0.05859375
 0 0.537109375 0.736328125 0.0390625 0.046875
 0 0.587890625 0.736328125 0.046875 0.0625
