 0 0.8544921875 0.974609375 0.025390625 0.04296875
 0 0.8427734375 0.5068359375 0.044921875 0.029296875
 0 0.9775390625 0.59765625 0.029296875 0.0234375
 0 0.7822265625 0.701171875 0.041015625 0.02734375
 0 0.6640625 0.8388671875 0.04296875 0.037109375
 0 0.587890625 0.7509765625 0.046875 0.029296875
 0 0.646484375 0.6669921875 0.03125 0.041015625
 0 0.4599609375 0.7412109375 0.037109375 0.029296875
 0 0.2998046875 0.76171875 0.037109375 0.0390625
 0 0.087890625 0.80078125 0.046875 0.046875
 0 0.2841796875 0.62890625 0.048828125 0.03125
 0 0.4609375 0.6474609375 0.0390625 0.025390625
 0 0.54296875 0.6416015625 0.03515625 0.029296875
 0 0.7080078125 0.53515625 0.041015625 0.03515625
 0 0.6005859375 0.5107421875 0.044921875 0.029296875
 0 0.6943359375 0.435546875 0.033203125 0.02734375
 0 0.548828125 0.3818359375 0.03515625 0.029296875
 0 0.5400390625 0.298828125 0.033203125 0.03515625
 0 0.4609375 0.283203125 0.03515625 0.03125
 0 0.46484375 0.3603515625 0.02734375 0.033203125
 0 0.4638671875 0.4638671875 0.029296875 0.033203125
 0 0.39453125 0.47265625 0.03125 0.03125
 0 0.2998046875 0.4814453125 0.033203125 0.037109375
 0 0.3837890625 0.3798828125 0.025390625 0.029296875
 0 0.3505859375 0.2978515625 0.033203125 0.033203125
 0 0.3837890625 0.248046875 0.025390625 0.03515625
 0 0.5146484375 0.0126953125 0.029296875 0.025390625
 0 0.0625 0.6357421875 0.0390625 0.041015625
 0 0.390625 0.5771484375 0.0234375 0.029296875
 0 0.3046875 0.310546875 0.01953125 0.02734375
 0 0.177734375 0.2470703125 0.02734375 0.025390625
 0 0.2138671875 0.259765625 0.021484375 0.03125
 0 0.25 0.25 0.0234375 0.02734375
 0 0.22265625 0.2255859375 0.02734375 0.025390625
 0 0.267578125 0.2216796875 0.0234375 0.025390625
 0 0.2939453125 0.22265625 0.017578125 0.02734375
 0 0.25390625 0.271484375 0.01953125 0.0234375
 0 0.0185546875 0.1796875 0.025390625 0.0234375
 0 0.048828125 0.0244140625 0.01953125 0.025390625
 0 0.0400390625 0.064453125 0.025390625 0.0234375
 0 0.306740614334471 0.39689119170984455 0.019624573378839605 0.0227979274611399
 0 0.2363481228668942 0.3870466321243523 0.01877133105802048 0.023834196891191706
 0 0.017064846416382253 0.45388601036269427 0.01706484641638225 0.020725388601036288
