 0 0.0908203125 0.7490234375 0.025390625 0.029296875
 0 0.3623046875 0.7216796875 0.029296875 0.029296875
 0 0.552734375 0.3232421875 0.0234375 0.037109375
 0 0.8154296875 0.34375 0.025390625 0.04296875
 0 0.84375 0.095703125 0.04296875 0.046875
 0 0.7529296875 0.1904296875 0.029296875 0.041015625
 0 0.634765625 0.1142578125 0.03125 0.041015625
 0 0.5048828125 0.177734375 0.029296875 0.0390625
 0 0.19624573378839588 0.8637305699481865 0.023890784982935148 0.023834196891191706
 0 0.8890784982935154 0.8243523316062176 0.023890784982935176 0.025906735751295318
